1
-1 5393.0 355.0 0.0 106224.6484375 1
3 1 0.0 106224.6484375 9999999.0 9999999.0 532
531 0 5393.0 355.0 1
532 0 5469.0 10.0 1
519 0 5070.0 605.0 1
505 0 5136.0 825.0 1
496 0 5069.0 998.0 1
493 0 5140.0 1018.0 1
494 0 5344.0 1003.0 1
501 0 5596.0 892.0 1
498 0 5666.0 914.0 1
490 0 5788.0 1053.0 1
481 0 5930.0 1151.0 1
477 0 6136.0 1243.0 1
470 0 6359.0 1298.0 1
469 0 6379.0 1302.0 1
468 0 6378.0 1314.0 1
463 0 6494.0 1347.0 1
447 0 6621.0 1513.0 1
445 0 6651.0 1534.0 1
437 0 6854.0 1640.0 1
430 0 6932.0 1683.0 1
427 0 7035.0 1733.0 1
424 0 7046.0 1757.0 1
426 0 7314.0 1739.0 1
423 0 7240.0 1762.0 1
420 0 7218.0 1773.0 1
438 0 7926.0 1627.0 1
444 0 8038.0 1535.0 1
460 0 8292.0 1383.0 1
451 0 8605.0 1479.0 1
448 0 8594.0 1510.0 1
434 0 8525.0 1664.0 1
453 0 8228.0 1471.0 1
429 0 8184.0 1685.0 1
439 0 7973.0 1606.0 1
436 0 7985.0 1657.0 1
425 0 8098.0 1746.0 1
416 0 8080.0 1835.0 1
413 0 8101.0 1876.0 1
415 0 8063.0 1860.0 1
409 0 8229.0 1905.0 1
399 0 8080.0 2039.0 1
414 0 7989.0 1876.0 1
408 0 7905.0 1921.0 1
403 0 7822.0 1992.0 1
387 0 7856.0 2181.0 1
397 0 7643.0 2048.0 1
404 0 7416.0 1953.0 1
405 0 7352.0 1952.0 1
391 0 7418.0 2139.0 1
381 0 7448.0 2291.0 1
388 0 7315.0 2181.0 1
402 0 7152.0 2000.0 1
417 0 7004.0 1805.0 1
419 0 6826.0 1774.0 1
410 0 6803.0 1886.0 1
435 0 6765.0 1663.0 1
433 0 6496.0 1678.0 1
461 0 6258.0 1354.0 1
456 0 5964.0 1421.0 1
467 0 5840.0 1325.0 1
495 0 5532.0 998.0 1
474 0 5571.0 1255.0 1
484 0 5139.0 1124.0 1
492 0 4805.0 1033.0 1
502 0 4569.0 886.0 1
482 0 4619.0 1132.0 1
486 0 4500.0 1093.0 1
500 0 4244.0 896.0 1
478 0 4170.0 1232.0 1
483 0 4125.0 1125.0 1
522 0 3477.0 599.0 1
509 0 3390.0 698.0 1
504 0 3499.0 863.0 1
491 0 3719.0 1043.0 1
471 0 3245.0 1281.0 1
526 0 2647.0 485.0 1
487 0 2372.0 1084.0 1
499 0 2260.0 913.0 1
510 0 2384.0 695.0 1
514 0 1926.0 636.0 1
528 0 1961.0 445.0 1
529 0 1790.0 429.0 1
497 0 1595.0 942.0 1
479 0 1721.0 1165.0 1
443 0 2011.0 1558.0 1
432 0 2908.0 1681.0 1
401 0 2694.0 2026.0 1
390 0 2126.0 2150.0 1
383 0 2067.0 2254.0 1
337 0 1918.0 2832.0 1
354 0 1882.0 2684.0 1
361 0 1575.0 2555.0 1
347 0 1263.0 2734.0 1
311 0 920.0 3065.0 1
302 0 806.0 3123.0 1
290 0 863.0 3219.0 1
285 0 741.0 3235.0 1
353 0 178.0 2702.0 1
378 0 240.0 2327.0 1
406 0 354.0 1950.0 1
421 0 464.0 1773.0 1
422 0 809.0 1766.0 1
446 0 552.0 1526.0 1
457 0 602.0 1395.0 1
466 0 659.0 1331.0 1
480 0 893.0 1161.0 1
488 0 993.0 1084.0 1
503 0 1072.0 883.0 1
508 0 1406.0 750.0 1
512 0 1422.0 658.0 1
516 0 1415.0 628.0 1
513 0 1361.0 637.0 1
527 0 1443.0 459.0 1
530 0 1503.0 362.0 1
523 0 1322.0 580.0 1
515 0 1213.0 633.0 1
518 0 1254.0 617.0 1
521 0 1249.0 600.0 1
525 0 1276.0 559.0 1
524 0 1253.0 580.0 1
520 0 1212.0 603.0 1
517 0 1082.0 625.0 1
511 0 982.0 659.0 1
507 0 834.0 757.0 1
506 0 783.0 825.0 1
464 0 437.0 1344.0 1
476 0 513.0 1247.0 1
485 0 572.0 1108.0 1
489 0 527.0 1077.0 1
475 0 489.0 1254.0 1
473 0 478.0 1256.0 1
472 0 450.0 1274.0 1
465 0 413.0 1338.0 1
452 0 345.0 1476.0 1
386 0 36.0 2185.0 1
363 0 10.0 2537.0 1
341 0 141.0 2814.0 1
331 0 174.0 2901.0 1
317 0 197.0 3021.0 1
314 0 218.0 3031.0 1
278 0 525.0 3297.0 1
243 0 536.0 3481.0 1
244 0 317.0 3476.0 1
256 0 226.0 3415.0 1
240 0 236.0 3494.0 1
222 0 250.0 3578.0 1
192 0 199.0 3743.0 1
220 0 952.0 3583.0 1
217 0 1047.0 3602.0 1
239 0 1482.0 3494.0 1
238 0 1784.0 3494.0 1
199 0 1851.0 3710.0 1
251 0 2342.0 3439.0 1
330 0 2835.0 2912.0 1
369 0 3189.0 2411.0 1
377 0 3233.0 2329.0 1
389 0 3319.0 2151.0 1
398 0 3390.0 2043.0 1
441 0 4056.0 1564.0 1
411 0 4012.0 1886.0 1
385 0 4174.0 2190.0 1
356 0 3174.0 2627.0 1
350 0 3461.0 2718.0 1
336 0 3307.0 2833.0 1
274 0 3229.0 3312.0 1
117 0 2906.0 4131.0 1
157 0 3108.0 3908.0 1
139 0 3396.0 3990.0 1
173 0 3824.0 3838.0 1
69 0 3832.0 4410.0 1
98 0 3950.0 4215.0 1
95 0 4217.0 4224.0 1
88 0 4354.0 4262.0 1
142 0 4342.0 3966.0 1
184 0 4293.0 3788.0 1
229 0 4232.0 3551.0 1
293 0 4252.0 3206.0 1
327 0 4196.0 2929.0 1
372 0 4488.0 2378.0 1
449 0 4719.0 1504.0 1
462 0 5010.0 1351.0 1
459 0 5068.0 1390.0 1
458 0 5098.0 1394.0 1
450 0 5472.0 1482.0 1
442 0 5637.0 1558.0 1
431 0 5914.0 1682.0 1
428 0 5506.0 1719.0 1
455 0 5114.0 1430.0 1
454 0 5005.0 1458.0 1
440 0 5060.0 1577.0 1
412 0 4759.0 1883.0 1
393 0 4959.0 2123.0 1
394 0 4996.0 2115.0 1
396 0 5277.0 2078.0 1
395 0 5681.0 2109.0 1
418 0 6252.0 1795.0 1
407 0 6493.0 1931.0 1
400 0 6139.0 2032.0 1
380 0 6307.0 2295.0 1
392 0 6885.0 2138.0 1
382 0 7087.0 2274.0 1
376 0 7015.0 2333.0 1
373 0 7351.0 2376.0 1
368 0 7267.0 2466.0 1
362 0 7304.0 2550.0 1
358 0 7753.0 2564.0 1
342 0 7851.0 2809.0 1
310 0 7909.0 3080.0 1
280 0 7989.0 3271.0 1
255 0 8001.0 3418.0 1
231 0 8013.0 3523.0 1
210 0 7922.0 3655.0 1
221 0 7906.0 3580.0 1
237 0 7919.0 3496.0 1
291 0 7861.0 3216.0 1
306 0 7715.0 3086.0 1
288 0 7695.0 3220.0 1
264 0 7838.0 3375.0 1
272 0 7747.0 3329.0 1
276 0 7657.0 3301.0 1
325 0 7543.0 2929.0 1
346 0 7458.0 2741.0 1
351 0 7309.0 2717.0 1
366 0 7104.0 2510.0 1
357 0 7049.0 2570.0 1
379 0 6686.0 2312.0 1
364 0 6800.0 2532.0 1
367 0 6547.0 2506.0 1
359 0 6597.0 2563.0 1
352 0 6848.0 2712.0 1
348 0 6766.0 2732.0 1
338 0 7125.0 2823.0 1
333 0 7346.0 2858.0 1
323 0 7238.0 2957.0 1
322 0 7055.0 2981.0 1
309 0 7131.0 3081.0 1
304 0 7440.0 3100.0 1
307 0 7503.0 3086.0 1
297 0 7532.0 3175.0 1
298 0 7434.0 3173.0 1
287 0 7453.0 3229.0 1
271 0 7452.0 3339.0 1
269 0 7533.0 3358.0 1
263 0 7654.0 3377.0 1
242 0 7696.0 3486.0 1
218 0 7803.0 3598.0 1
191 0 7879.0 3743.0 1
178 0 7988.0 3820.0 1
180 0 7841.0 3818.0 1
153 0 7909.0 3912.0 1
149 0 7872.0 3922.0 1
138 0 7805.0 3991.0 1
158 0 7844.0 3902.0 1
189 0 7750.0 3760.0 1
148 0 7660.0 3924.0 1
216 0 7667.0 3608.0 1
236 0 7633.0 3499.0 1
259 0 7582.0 3396.0 1
252 0 7494.0 3430.0 1
230 0 7408.0 3534.0 1
219 0 7370.0 3588.0 1
211 0 7331.0 3634.0 1
197 0 7262.0 3725.0 1
186 0 7342.0 3775.0 1
145 0 7271.0 3948.0 1
130 0 7344.0 4046.0 1
112 0 7355.0 4151.0 1
96 0 7349.0 4219.0 1
83 0 7360.0 4275.0 1
74 0 7333.0 4335.0 1
49 0 7259.0 4630.0 1
39 0 7267.0 4779.0 1
31 0 7295.0 4887.0 1
38 0 7417.0 4788.0 1
60 0 7338.0 4481.0 1
66 0 7364.0 4427.0 1
63 0 7399.0 4467.0 1
65 0 7458.0 4428.0 1
71 0 7443.0 4375.0 1
87 0 7432.0 4265.0 1
94 0 7534.0 4227.0 1
93 0 7554.0 4236.0 1
82 0 7613.0 4275.0 1
81 0 7698.0 4279.0 1
90 0 7817.0 4252.0 1
55 0 7848.0 4546.0 1
57 0 7832.0 4542.0 1
59 0 7647.0 4504.0 1
51 0 7679.0 4581.0 1
52 0 7674.0 4579.0 1
53 0 7631.0 4573.0 1
47 0 7692.0 4666.0 1
45 0 7752.0 4721.0 1
42 0 7698.0 4745.0 1
46 0 7673.0 4718.0 1
44 0 7617.0 4724.0 1
35 0 7702.0 4815.0 1
34 0 7726.0 4833.0 1
32 0 7777.0 4869.0 1
25 0 7846.0 4923.0 1
29 0 7783.0 4912.0 1
20 0 7790.0 5038.0 1
18 0 7890.0 5130.0 1
13 0 7962.0 5287.0 1
14 0 7913.0 5280.0 1
10 0 7927.0 5365.0 1
11 0 7848.0 5358.0 1
12 0 7802.0 5317.0 1
15 0 7724.0 5210.0 1
17 0 7759.0 5143.0 1
23 0 7772.0 4989.0 1
24 0 7744.0 4933.0 1
30 0 7716.0 4909.0 1
33 0 7700.0 4854.0 1
37 0 7654.0 4795.0 1
26 0 7622.0 4917.0 1
22 0 7606.0 5009.0 1
28 0 7576.0 4915.0 1
36 0 7583.0 4813.0 1
43 0 7570.0 4741.0 1
48 0 7547.0 4664.0 1
54 0 7520.0 4572.0 1
100 0 7549.0 4208.0 1
104 0 7542.0 4198.0 1
115 0 7506.0 4138.0 1
114 0 7541.0 4141.0 1
108 0 7601.0 4171.0 1
113 0 7604.0 4146.0 1
125 0 7705.0 4065.0 1
126 0 7562.0 4058.0 1
133 0 7466.0 4037.0 1
144 0 7345.0 3951.0 1
164 0 7351.0 3877.0 1
163 0 7388.0 3879.0 1
155 0 7449.0 3911.0 1
185 0 7423.0 3776.0 1
196 0 7429.0 3737.0 1
203 0 7603.0 3690.0 1
225 0 7492.0 3560.0 1
262 0 7475.0 3388.0 1
260 0 7422.0 3390.0 1
289 0 7299.0 3219.0 1
267 0 7316.0 3360.0 1
253 0 7321.0 3429.0 1
283 0 7082.0 3235.0 1
275 0 7076.0 3302.0 1
315 0 6881.0 3029.0 1
328 0 6617.0 2928.0 1
339 0 6422.0 2820.0 1
374 0 6007.0 2359.0 1
384 0 5260.0 2230.0 1
365 0 5296.0 2520.0 1
370 0 5117.0 2409.0 1
371 0 4973.0 2406.0 1
375 0 4612.0 2341.0 1
360 0 4476.0 2555.0 1
355 0 4584.0 2643.0 1
349 0 4763.0 2720.0 1
343 0 4929.0 2803.0 1
345 0 5470.0 2774.0 1
332 0 5350.0 2867.0 1
326 0 5291.0 2929.0 1
318 0 5531.0 3011.0 1
316 0 5650.0 3023.0 1
313 0 5677.0 3049.0 1
340 0 5881.0 2817.0 1
344 0 5963.0 2789.0 1
334 0 6044.0 2848.0 1
324 0 5930.0 2948.0 1
321 0 6190.0 2985.0 1
319 0 6387.0 3008.0 1
312 0 6468.0 3050.0 1
296 0 6656.0 3181.0 1
286 0 6731.0 3234.0 1
247 0 7199.0 3469.0 1
233 0 7141.0 3514.0 1
206 0 6958.0 3678.0 1
143 0 7037.0 3965.0 1
132 0 7124.0 4039.0 1
106 0 7216.0 4180.0 1
85 0 7207.0 4270.0 1
72 0 7160.0 4370.0 1
64 0 7037.0 4446.0 1
97 0 7128.0 4215.0 1
79 0 7111.0 4288.0 1
99 0 6947.0 4209.0 1
77 0 6911.0 4296.0 1
124 0 6891.0 4075.0 1
160 0 6862.0 3892.0 1
169 0 6864.0 3854.0 1
214 0 6833.0 3618.0 1
215 0 6798.0 3610.0 1
241 0 6713.0 3488.0 1
261 0 6623.0 3389.0 1
265 0 6570.0 3371.0 1
300 0 6518.0 3165.0 1
294 0 6402.0 3190.0 1
277 0 6360.0 3301.0 1
305 0 6204.0 3099.0 1
303 0 6113.0 3101.0 1
282 0 6050.0 3242.0 1
292 0 5960.0 3207.0 1
308 0 5821.0 3086.0 1
299 0 5679.0 3171.0 1
281 0 5697.0 3269.0 1
270 0 5719.0 3352.0 1
250 0 5796.0 3459.0 1
234 0 5887.0 3508.0 1
212 0 5965.0 3624.0 1
201 0 6069.0 3695.0 1
177 0 6120.0 3821.0 1
162 0 6150.0 3888.0 1
134 0 6259.0 4030.0 1
119 0 6312.0 4126.0 1
110 0 6450.0 4160.0 1
102 0 6524.0 4207.0 1
89 0 6589.0 4256.0 1
70 0 6670.0 4401.0 1
58 0 6735.0 4509.0 1
68 0 6868.0 4418.0 1
80 0 6740.0 4282.0 1
84 0 6779.0 4273.0 1
105 0 6660.0 4193.0 1
111 0 6713.0 4154.0 1
107 0 6607.0 4173.0 1
118 0 6488.0 4128.0 1
135 0 6366.0 4002.0 1
156 0 6333.0 3909.0 1
166 0 6340.0 3870.0 1
167 0 6425.0 3867.0 1
176 0 6454.0 3821.0 1
179 0 6376.0 3819.0 1
200 0 6207.0 3700.0 1
190 0 6327.0 3745.0 1
205 0 6365.0 3679.0 1
198 0 6427.0 3717.0 1
141 0 6537.0 3982.0 1
129 0 6557.0 4047.0 1
140 0 6603.0 3982.0 1
150 0 6567.0 3922.0 1
151 0 6602.0 3920.0 1
161 0 6621.0 3891.0 1
168 0 6577.0 3858.0 1
193 0 6652.0 3742.0 1
209 0 6426.0 3656.0 1
224 0 6453.0 3567.0 1
207 0 6317.0 3673.0 1
226 0 6140.0 3558.0 1
246 0 6235.0 3471.0 1
254 0 6265.0 3426.0 1
257 0 6148.0 3413.0 1
258 0 5987.0 3402.0 1
273 0 5841.0 3328.0 1
279 0 5619.0 3291.0 1
284 0 5539.0 3235.0 1
295 0 5342.0 3188.0 1
335 0 4898.0 2840.0 1
329 0 4831.0 2917.0 1
320 0 4458.0 3007.0 1
301 0 4537.0 3143.0 1
266 0 4364.0 3362.0 1
235 0 4694.0 3502.0 1
268 0 4857.0 3359.0 1
232 0 5160.0 3517.0 1
223 0 5111.0 3569.0 1
228 0 5316.0 3554.0 1
227 0 5315.0 3557.0 1
249 0 5400.0 3461.0 1
248 0 5540.0 3468.0 1
245 0 5649.0 3472.0 1
208 0 5417.0 3673.0 1
194 0 5678.0 3742.0 1
204 0 5751.0 3681.0 1
147 0 5964.0 3935.0 1
154 0 5926.0 3912.0 1
174 0 5803.0 3824.0 1
181 0 5778.0 3813.0 1
175 0 5720.0 3823.0 1
170 0 5706.0 3844.0 1
183 0 5671.0 3807.0 1
188 0 5621.0 3768.0 1
187 0 5541.0 3769.0 1
182 0 5457.0 3808.0 1
159 0 5427.0 3894.0 1
136 0 5597.0 3993.0 1
131 0 5543.0 4042.0 1
146 0 5336.0 3943.0 1
195 0 5207.0 3742.0 1
213 0 4965.0 3622.0 1
202 0 4780.0 3694.0 1
171 0 4496.0 3844.0 1
172 0 4574.0 3843.0 1
165 0 4694.0 3877.0 1
152 0 4806.0 3914.0 1
121 0 4427.0 4109.0 1
128 0 4607.0 4049.0 1
127 0 4634.0 4054.0 1
137 0 4655.0 3992.0 1
122 0 4679.0 4084.0 1
116 0 4871.0 4132.0 1
62 0 4606.0 4468.0 1
61 0 4602.0 4478.0 1
101 0 5168.0 4208.0 1
92 0 5356.0 4241.0 1
76 0 5385.0 4318.0 1
50 0 5387.0 4623.0 1
41 0 5259.0 4751.0 1
56 0 5685.0 4546.0 1
103 0 5871.0 4202.0 1
123 0 5955.0 4081.0 1
120 0 6008.0 4117.0 1
109 0 6123.0 4167.0 1
91 0 6051.0 4246.0 1
86 0 6241.0 4268.0 1
78 0 6304.0 4294.0 1
75 0 6237.0 4332.0 1
73 0 6139.0 4369.0 1
67 0 6058.0 4426.0 1
40 0 6806.0 4755.0 1
27 0 6937.0 4917.0 1
21 0 7142.0 5032.0 1
19 0 7254.0 5129.0 1
16 0 7503.0 5191.0 1
3 0 7264.0 5575.0 1
4 0 7324.0 5560.0 1
5 0 7547.0 5503.0 1
1 0 7810.0 6053.0 1
2 0 7798.0 5709.0 1
6 0 7744.0 5476.0 1
7 0 7821.0 5457.0 1
8 0 7883.0 5408.0 1
9 0 7874.0 5405.0 1
