1
184 145.0 36.0 0.0 1368.899169921875 1
4 1 0.0 1368.899169921875 9999999.0 9999999.0 29
29 0 145.0 36.0 1
28 0 145.0 36.0 1
26 0 178.0 38.0 1
12 0 195.0 51.0 1
23 0 201.0 90.0 1
19 0 159.0 64.0 1
18 0 159.0 64.0 1
13 0 146.0 64.0 1
8 0 114.0 56.0 1
17 0 110.0 56.0 1
3 0 0.0 0.0 1
2 0 0.0 0.0 1
1 0 0.0 0.0 1
16 0 86.0 57.0 1
15 0 86.0 57.0 1
4 0 103.0 71.0 1
22 0 152.0 127.0 1
21 0 152.0 127.0 1
7 0 182.0 180.0 1
6 0 182.0 180.0 1
5 0 125.0 175.0 1
20 0 100.0 176.0 1
27 0 120.0 205.0 1
10 0 151.0 227.0 1
25 0 130.0 286.0 1
9 0 328.0 206.0 1
14 0 311.0 258.0 1
11 0 309.0 68.0 1
24 0 226.0 148.0 1
