1
-1 1340.0 725.0 0.0 8886.501953125 1
6 1 0.0 8886.501953125 9999999.0 9999999.0 52
51 0 1340.0 725.0 1
11 0 1605.0 620.0 1
12 0 1220.0 580.0 1
33 0 1150.0 1160.0 1
43 0 875.0 920.0 1
4 0 945.0 685.0 1
25 0 975.0 580.0 1
15 0 845.0 680.0 1
6 0 880.0 660.0 1
5 0 845.0 655.0 1
24 0 835.0 625.0 1
48 0 830.0 610.0 1
38 0 795.0 645.0 1
37 0 770.0 610.0 1
40 0 760.0 650.0 1
39 0 720.0 635.0 1
36 0 685.0 610.0 1
34 0 700.0 580.0 1
35 0 685.0 595.0 1
49 0 605.0 625.0 1
32 0 575.0 665.0 1
45 0 555.0 815.0 1
19 0 510.0 875.0 1
3 0 345.0 750.0 1
17 0 145.0 665.0 1
7 0 25.0 230.0 1
2 0 25.0 185.0 1
42 0 95.0 260.0 1
30 0 410.0 250.0 1
21 0 300.0 465.0 1
31 0 420.0 555.0 1
23 0 480.0 415.0 1
20 0 560.0 365.0 1
50 0 595.0 360.0 1
29 0 660.0 180.0 1
47 0 1170.0 65.0 1
26 0 1215.0 245.0 1
14 0 1530.0 5.0 1
52 0 1740.0 245.0 1
13 0 1465.0 200.0 1
27 0 1320.0 315.0 1
28 0 1250.0 400.0 1
16 0 725.0 370.0 1
46 0 830.0 485.0 1
44 0 700.0 500.0 1
1 0 565.0 575.0 1
22 0 520.0 585.0 1
18 0 415.0 635.0 1
41 0 475.0 960.0 1
8 0 525.0 1000.0 1
10 0 650.0 1130.0 1
9 0 580.0 1175.0 1
