1
-1 11484.0 8468.0 0.0 139912.09375 1
7 1 0.0 139912.09375 9999999.0 9999999.0 127
126 0 11484.0 8468.0 1
83 0 11020.0 7424.0 1
102 0 10904.0 3480.0 1
101 0 9744.0 3132.0 1
63 0 15312.0 6612.0 1
119 0 16240.0 8352.0 1
82 0 11484.0 7540.0 1
81 0 11484.0 9512.0 1
84 0 11484.0 9744.0 1
117 0 11020.0 10208.0 1
78 0 11136.0 11020.0 1
80 0 10324.0 11716.0 1
79 0 10556.0 11948.0 1
74 0 12064.0 12528.0 1
73 0 12296.0 12760.0 1
77 0 11368.0 12296.0 1
18 0 11368.0 12644.0 1
72 0 11484.0 13224.0 1
19 0 11252.0 13340.0 1
8 0 11600.0 13456.0 1
23 0 11136.0 13572.0 1
21 0 11020.0 13108.0 1
17 0 10904.0 13108.0 1
12 0 9860.0 13108.0 1
31 0 9744.0 12528.0 1
27 0 9512.0 12412.0 1
25 0 8468.0 11136.0 1
29 0 8352.0 10672.0 1
32 0 8352.0 10324.0 1
33 0 8236.0 11020.0 1
122 0 8004.0 11020.0 1
28 0 7772.0 11020.0 1
26 0 8932.0 12064.0 1
30 0 9164.0 12876.0 1
41 0 9164.0 13340.0 1
14 0 9512.0 13340.0 1
20 0 10672.0 13340.0 1
22 0 11020.0 13340.0 1
4 0 11020.0 13456.0 1
24 0 11020.0 13688.0 1
108 0 10788.0 13572.0 1
6 0 10788.0 13804.0 1
106 0 10672.0 13804.0 1
15 0 10556.0 13688.0 1
105 0 10440.0 14036.0 1
114 0 10672.0 14152.0 1
9 0 11252.0 14036.0 1
11 0 11136.0 14152.0 1
67 0 12412.0 13340.0 1
68 0 12876.0 12180.0 1
76 0 11832.0 11252.0 1
75 0 12644.0 10556.0 1
69 0 13688.0 10904.0 1
70 0 13688.0 11716.0 1
71 0 13688.0 12528.0 1
59 0 12992.0 14964.0 1
60 0 12412.0 14964.0 1
116 0 12180.0 14848.0 1
90 0 12064.0 14964.0 1
62 0 12528.0 15196.0 1
61 0 12296.0 15312.0 1
91 0 12180.0 15544.0 1
3 0 11252.0 14848.0 1
120 0 10440.0 14732.0 1
7 0 10208.0 14384.0 1
1 0 9860.0 14152.0 1
16 0 9628.0 14036.0 1
37 0 9048.0 13804.0 1
36 0 8932.0 13688.0 1
43 0 8584.0 13108.0 1
34 0 8468.0 12876.0 1
39 0 8352.0 12644.0 1
38 0 8468.0 12296.0 1
42 0 8004.0 12760.0 1
40 0 8236.0 13572.0 1
35 0 8700.0 14036.0 1
2 0 9396.0 14616.0 1
51 0 9164.0 14964.0 1
13 0 10092.0 14964.0 1
50 0 9744.0 15196.0 1
115 0 10208.0 15196.0 1
10 0 10672.0 15080.0 1
100 0 11252.0 15776.0 1
58 0 11716.0 16008.0 1
64 0 11716.0 16124.0 1
113 0 11832.0 17516.0 1
66 0 10324.0 17516.0 1
52 0 9744.0 16240.0 1
5 0 9512.0 15776.0 1
121 0 9164.0 15544.0 1
57 0 8700.0 15312.0 1
44 0 7772.0 14732.0 1
103 0 7308.0 14848.0 1
45 0 7540.0 15080.0 1
54 0 8236.0 15428.0 1
56 0 9164.0 16008.0 1
124 0 9512.0 16472.0 1
47 0 8352.0 17052.0 1
53 0 7888.0 16936.0 1
49 0 7888.0 17168.0 1
118 0 7656.0 17052.0 1
48 0 7540.0 16820.0 1
46 0 7424.0 17516.0 1
94 0 6496.0 17168.0 1
93 0 5104.0 14616.0 1
95 0 5684.0 13224.0 1
123 0 5684.0 11948.0 1
97 0 5336.0 10324.0 1
98 0 812.0 6264.0 1
127 0 3248.0 14152.0 1
107 0 1160.0 18560.0 1
111 0 5336.0 18908.0 1
112 0 6264.0 19140.0 1
55 0 9512.0 17400.0 1
65 0 11600.0 19720.0 1
125 0 13688.0 17516.0 1
89 0 13804.0 18792.0 1
92 0 14152.0 18908.0 1
99 0 14384.0 20184.0 1
104 0 16472.0 16472.0 1
110 0 15544.0 12760.0 1
109 0 15660.0 11368.0 1
96 0 15660.0 10788.0 1
87 0 16936.0 11832.0 1
85 0 16936.0 12180.0 1
86 0 17052.0 12064.0 1
88 0 17052.0 11600.0 1
