58
1 1 0 0.0 0.0
2 1 0 2713.0 2437.0
3 1 0 2636.0 666.0
4 1 0 706.0 791.0
5 1 0 3457.0 6083.0
6 1 0 4746.0 716.0
7 1 0 1653.0 3545.0
8 1 0 6553.0 4826.0
9 1 0 923.0 1175.0
10 1 0 3459.0 2366.0
11 1 0 781.0 2793.0
12 1 0 3322.0 1609.0
13 1 0 1695.0 2353.0
14 1 0 4265.0 3283.0
15 1 0 2300.0 578.0
16 1 0 1236.0 3706.0
17 1 0 2543.0 2044.0
18 1 0 300.0 3542.0
19 1 0 1273.0 2905.0
20 1 0 945.0 1507.0
21 1 0 2620.0 2217.0
22 1 0 1835.0 2627.0
23 1 0 1612.0 2617.0
24 1 0 1865.0 1450.0
25 1 0 2083.0 1252.0
26 1 0 2324.0 3551.0
27 1 0 432.0 519.0
28 1 0 1023.0 2004.0
29 1 0 3236.0 4436.0
30 1 0 3709.0 3036.0
31 1 0 549.0 3434.0
32 1 0 4480.0 4971.0
33 1 0 4320.0 3021.0
34 1 0 1041.0 675.0
35 1 0 1016.0 257.0
36 1 0 1187.0 2942.0
37 1 0 3061.0 705.0
38 1 0 1236.0 3784.0
39 1 0 4848.0 2761.0
40 1 0 432.0 3124.0
41 1 0 5330.0 2409.0
42 1 0 722.0 1883.0
43 1 0 4642.0 4409.0
44 1 0 1698.0 2037.0
45 1 0 3556.0 2274.0
46 1 0 1340.0 1525.0
47 1 0 1863.0 1693.0
48 1 0 86.0 3299.0
49 1 0 2931.0 448.0
50 1 0 97.0 199.0
51 1 0 3206.0 446.0
52 1 0 2791.0 486.0
53 1 0 389.0 497.0
54 1 0 2213.0 4181.0
55 1 0 1972.0 994.0
56 1 0 1057.0 1408.0
57 1 0 2986.0 1408.0
58 1 0 2986.0 1408.0
