1
2270 2986.0 1408.0 0.0 40699.046875 1
8 1 0.0 40699.046875 9999999.0 9999999.0 58
58 0 2986.0 1408.0 1
57 0 2986.0 1408.0 1
12 0 3322.0 1609.0 1
17 0 2543.0 2044.0 1
21 0 2620.0 2217.0 1
2 0 2713.0 2437.0 1
10 0 3459.0 2366.0 1
45 0 3556.0 2274.0 1
30 0 3709.0 3036.0 1
14 0 4265.0 3283.0 1
29 0 3236.0 4436.0 1
26 0 2324.0 3551.0 1
7 0 1653.0 3545.0 1
16 0 1236.0 3706.0 1
22 0 1835.0 2627.0 1
47 0 1863.0 1693.0 1
25 0 2083.0 1252.0 1
3 0 2636.0 666.0 1
37 0 3061.0 705.0 1
6 0 4746.0 716.0 1
51 0 3206.0 446.0 1
49 0 2931.0 448.0 1
52 0 2791.0 486.0 1
15 0 2300.0 578.0 1
55 0 1972.0 994.0 1
24 0 1865.0 1450.0 1
44 0 1698.0 2037.0 1
13 0 1695.0 2353.0 1
23 0 1612.0 2617.0 1
19 0 1273.0 2905.0 1
36 0 1187.0 2942.0 1
28 0 1023.0 2004.0 1
46 0 1340.0 1525.0 1
56 0 1057.0 1408.0 1
9 0 923.0 1175.0 1
4 0 706.0 791.0 1
27 0 432.0 519.0 1
53 0 389.0 497.0 1
1 0 0.0 0.0 1
50 0 97.0 199.0 1
35 0 1016.0 257.0 1
34 0 1041.0 675.0 1
20 0 945.0 1507.0 1
42 0 722.0 1883.0 1
11 0 781.0 2793.0 1
31 0 549.0 3434.0 1
40 0 432.0 3124.0 1
48 0 86.0 3299.0 1
18 0 300.0 3542.0 1
38 0 1236.0 3784.0 1
54 0 2213.0 4181.0 1
5 0 3457.0 6083.0 1
43 0 4642.0 4409.0 1
32 0 4480.0 4971.0 1
8 0 6553.0 4826.0 1
41 0 5330.0 2409.0 1
39 0 4848.0 2761.0 1
33 0 4320.0 3021.0 1
