280
-1 null 0 0.0 0.0 0.0
1 null 0 288.0 149.0 0.0
2 null 0 288.0 129.0 0.0
3 null 0 270.0 133.0 0.0
4 null 0 256.0 141.0 0.0
5 null 0 256.0 157.0 0.0
6 null 0 246.0 157.0 0.0
7 null 0 236.0 169.0 0.0
8 null 0 228.0 169.0 0.0
9 null 0 228.0 161.0 0.0
10 null 0 220.0 169.0 0.0
11 null 0 212.0 169.0 0.0
12 null 0 204.0 169.0 0.0
13 null 0 196.0 169.0 0.0
14 null 0 188.0 169.0 0.0
15 null 0 196.0 161.0 0.0
16 null 0 188.0 145.0 0.0
17 null 0 172.0 145.0 0.0
18 null 0 164.0 145.0 0.0
19 null 0 156.0 145.0 0.0
20 null 0 148.0 145.0 0.0
21 null 0 140.0 145.0 0.0
22 null 0 148.0 169.0 0.0
23 null 0 164.0 169.0 0.0
24 null 0 172.0 169.0 0.0
25 null 0 156.0 169.0 0.0
26 null 0 140.0 169.0 0.0
27 null 0 132.0 169.0 0.0
28 null 0 124.0 169.0 0.0
29 null 0 116.0 161.0 0.0
30 null 0 104.0 153.0 0.0
31 null 0 104.0 161.0 0.0
32 null 0 104.0 169.0 0.0
33 null 0 90.0 165.0 0.0
34 null 0 80.0 157.0 0.0
35 null 0 64.0 157.0 0.0
36 null 0 64.0 165.0 0.0
37 null 0 56.0 169.0 0.0
38 null 0 56.0 161.0 0.0
39 null 0 56.0 153.0 0.0
40 null 0 56.0 145.0 0.0
41 null 0 56.0 137.0 0.0
42 null 0 56.0 129.0 0.0
43 null 0 56.0 121.0 0.0
44 null 0 40.0 121.0 0.0
45 null 0 40.0 129.0 0.0
46 null 0 40.0 137.0 0.0
47 null 0 40.0 145.0 0.0
48 null 0 40.0 153.0 0.0
49 null 0 40.0 161.0 0.0
50 null 0 40.0 169.0 0.0
51 null 0 32.0 169.0 0.0
52 null 0 32.0 161.0 0.0
53 null 0 32.0 153.0 0.0
54 null 0 32.0 145.0 0.0
55 null 0 32.0 137.0 0.0
56 null 0 32.0 129.0 0.0
57 null 0 32.0 121.0 0.0
58 null 0 32.0 113.0 0.0
59 null 0 40.0 113.0 0.0
60 null 0 56.0 113.0 0.0
61 null 0 56.0 105.0 0.0
62 null 0 48.0 99.0 0.0
63 null 0 40.0 99.0 0.0
64 null 0 32.0 97.0 0.0
65 null 0 32.0 89.0 0.0
66 null 0 24.0 89.0 0.0
67 null 0 16.0 97.0 0.0
68 null 0 16.0 109.0 0.0
69 null 0 8.0 109.0 0.0
70 null 0 8.0 97.0 0.0
71 null 0 8.0 89.0 0.0
72 null 0 8.0 81.0 0.0
73 null 0 8.0 73.0 0.0
74 null 0 8.0 65.0 0.0
75 null 0 8.0 57.0 0.0
76 null 0 16.0 57.0 0.0
77 null 0 8.0 49.0 0.0
78 null 0 8.0 41.0 0.0
79 null 0 24.0 45.0 0.0
80 null 0 32.0 41.0 0.0
81 null 0 32.0 49.0 0.0
82 null 0 32.0 57.0 0.0
83 null 0 32.0 65.0 0.0
84 null 0 32.0 73.0 0.0
85 null 0 32.0 81.0 0.0
86 null 0 40.0 83.0 0.0
87 null 0 40.0 73.0 0.0
88 null 0 40.0 63.0 0.0
89 null 0 40.0 51.0 0.0
90 null 0 44.0 43.0 0.0
91 null 0 44.0 35.0 0.0
92 null 0 44.0 27.0 0.0
93 null 0 32.0 25.0 0.0
94 null 0 24.0 25.0 0.0
95 null 0 16.0 25.0 0.0
96 null 0 16.0 17.0 0.0
97 null 0 24.0 17.0 0.0
98 null 0 32.0 17.0 0.0
99 null 0 44.0 11.0 0.0
100 null 0 56.0 9.0 0.0
101 null 0 56.0 17.0 0.0
102 null 0 56.0 25.0 0.0
103 null 0 56.0 33.0 0.0
104 null 0 56.0 41.0 0.0
105 null 0 64.0 41.0 0.0
106 null 0 72.0 41.0 0.0
107 null 0 72.0 49.0 0.0
108 null 0 56.0 49.0 0.0
109 null 0 48.0 51.0 0.0
110 null 0 56.0 57.0 0.0
111 null 0 56.0 65.0 0.0
112 null 0 48.0 63.0 0.0
113 null 0 48.0 73.0 0.0
114 null 0 56.0 73.0 0.0
115 null 0 56.0 81.0 0.0
116 null 0 48.0 83.0 0.0
117 null 0 56.0 89.0 0.0
118 null 0 56.0 97.0 0.0
119 null 0 104.0 97.0 0.0
120 null 0 104.0 105.0 0.0
121 null 0 104.0 113.0 0.0
122 null 0 104.0 121.0 0.0
123 null 0 104.0 129.0 0.0
124 null 0 104.0 137.0 0.0
125 null 0 104.0 145.0 0.0
126 null 0 116.0 145.0 0.0
127 null 0 124.0 145.0 0.0
128 null 0 132.0 145.0 0.0
129 null 0 132.0 137.0 0.0
130 null 0 140.0 137.0 0.0
131 null 0 148.0 137.0 0.0
132 null 0 156.0 137.0 0.0
133 null 0 164.0 137.0 0.0
134 null 0 172.0 125.0 0.0
135 null 0 172.0 117.0 0.0
136 null 0 172.0 109.0 0.0
137 null 0 172.0 101.0 0.0
138 null 0 172.0 93.0 0.0
139 null 0 172.0 85.0 0.0
140 null 0 180.0 85.0 0.0
141 null 0 180.0 77.0 0.0
142 null 0 180.0 69.0 0.0
143 null 0 180.0 61.0 0.0
144 null 0 180.0 53.0 0.0
145 null 0 172.0 53.0 0.0
146 null 0 172.0 61.0 0.0
147 null 0 172.0 69.0 0.0
148 null 0 172.0 77.0 0.0
149 null 0 164.0 81.0 0.0
150 null 0 148.0 85.0 0.0
151 null 0 124.0 85.0 0.0
152 null 0 124.0 93.0 0.0
153 null 0 124.0 109.0 0.0
154 null 0 124.0 125.0 0.0
155 null 0 124.0 117.0 0.0
156 null 0 124.0 101.0 0.0
157 null 0 104.0 89.0 0.0
158 null 0 104.0 81.0 0.0
159 null 0 104.0 73.0 0.0
160 null 0 104.0 65.0 0.0
161 null 0 104.0 49.0 0.0
162 null 0 104.0 41.0 0.0
163 null 0 104.0 33.0 0.0
164 null 0 104.0 25.0 0.0
165 null 0 104.0 17.0 0.0
166 null 0 92.0 9.0 0.0
167 null 0 80.0 9.0 0.0
168 null 0 72.0 9.0 0.0
169 null 0 64.0 21.0 0.0
170 null 0 72.0 25.0 0.0
171 null 0 80.0 25.0 0.0
172 null 0 80.0 25.0 0.0
173 null 0 80.0 41.0 0.0
174 null 0 88.0 49.0 0.0
175 null 0 104.0 57.0 0.0
176 null 0 124.0 69.0 0.0
177 null 0 124.0 77.0 0.0
178 null 0 132.0 81.0 0.0
179 null 0 140.0 65.0 0.0
180 null 0 132.0 61.0 0.0
181 null 0 124.0 61.0 0.0
182 null 0 124.0 53.0 0.0
183 null 0 124.0 45.0 0.0
184 null 0 124.0 37.0 0.0
185 null 0 124.0 29.0 0.0
186 null 0 132.0 21.0 0.0
187 null 0 124.0 21.0 0.0
188 null 0 120.0 9.0 0.0
189 null 0 128.0 9.0 0.0
190 null 0 136.0 9.0 0.0
191 null 0 148.0 9.0 0.0
192 null 0 162.0 9.0 0.0
193 null 0 156.0 25.0 0.0
194 null 0 172.0 21.0 0.0
195 null 0 180.0 21.0 0.0
196 null 0 180.0 29.0 0.0
197 null 0 172.0 29.0 0.0
198 null 0 172.0 37.0 0.0
199 null 0 172.0 45.0 0.0
200 null 0 180.0 45.0 0.0
201 null 0 180.0 37.0 0.0
202 null 0 188.0 41.0 0.0
203 null 0 196.0 49.0 0.0
204 null 0 204.0 57.0 0.0
205 null 0 212.0 65.0 0.0
206 null 0 220.0 73.0 0.0
207 null 0 228.0 69.0 0.0
208 null 0 228.0 77.0 0.0
209 null 0 236.0 77.0 0.0
210 null 0 236.0 69.0 0.0
211 null 0 236.0 61.0 0.0
212 null 0 228.0 61.0 0.0
213 null 0 228.0 53.0 0.0
214 null 0 236.0 53.0 0.0
215 null 0 236.0 45.0 0.0
216 null 0 228.0 45.0 0.0
217 null 0 228.0 37.0 0.0
218 null 0 236.0 37.0 0.0
219 null 0 236.0 29.0 0.0
220 null 0 228.0 29.0 0.0
221 null 0 228.0 21.0 0.0
222 null 0 236.0 21.0 0.0
223 null 0 252.0 21.0 0.0
224 null 0 260.0 29.0 0.0
225 null 0 260.0 37.0 0.0
226 null 0 260.0 45.0 0.0
227 null 0 260.0 53.0 0.0
228 null 0 260.0 61.0 0.0
229 null 0 260.0 69.0 0.0
230 null 0 260.0 77.0 0.0
231 null 0 276.0 77.0 0.0
232 null 0 276.0 69.0 0.0
233 null 0 276.0 61.0 0.0
234 null 0 276.0 53.0 0.0
235 null 0 284.0 53.0 0.0
236 null 0 284.0 61.0 0.0
237 null 0 284.0 69.0 0.0
238 null 0 284.0 77.0 0.0
239 null 0 284.0 85.0 0.0
240 null 0 284.0 93.0 0.0
241 null 0 284.0 101.0 0.0
242 null 0 288.0 109.0 0.0
243 null 0 280.0 109.0 0.0
244 null 0 276.0 101.0 0.0
245 null 0 276.0 93.0 0.0
246 null 0 276.0 85.0 0.0
247 null 0 268.0 97.0 0.0
248 null 0 260.0 109.0 0.0
249 null 0 252.0 101.0 0.0
250 null 0 260.0 93.0 0.0
251 null 0 260.0 85.0 0.0
252 null 0 236.0 85.0 0.0
253 null 0 228.0 85.0 0.0
254 null 0 228.0 93.0 0.0
255 null 0 236.0 93.0 0.0
256 null 0 236.0 101.0 0.0
257 null 0 228.0 101.0 0.0
258 null 0 228.0 109.0 0.0
259 null 0 228.0 117.0 0.0
260 null 0 228.0 125.0 0.0
261 null 0 220.0 125.0 0.0
262 null 0 212.0 117.0 0.0
263 null 0 204.0 109.0 0.0
264 null 0 196.0 101.0 0.0
265 null 0 188.0 93.0 0.0
266 null 0 180.0 93.0 0.0
267 null 0 180.0 101.0 0.0
268 null 0 180.0 109.0 0.0
269 null 0 180.0 117.0 0.0
270 null 0 180.0 125.0 0.0
271 null 0 196.0 145.0 0.0
272 null 0 204.0 145.0 0.0
273 null 0 212.0 145.0 0.0
274 null 0 220.0 145.0 0.0
275 null 0 228.0 145.0 0.0
276 null 0 236.0 145.0 0.0
277 null 0 246.0 141.0 0.0
278 null 0 252.0 125.0 0.0
279 null 0 260.0 129.0 0.0
280 null 0 280.0 133.0 0.0
