1
0 0.0 0.0 0.0 2529.9921875 1
1 1 0.0 2529.9921875 9999999.0 9999999.0 535
484 0 0.0 6.0 1
56 0 -19.0 3.0 1
254 0 -8.0 13.0 1
105 0 -11.0 22.0 1
291 0 -17.0 25.0 1
132 0 -33.0 18.0 1
238 0 -26.0 28.0 1
148 0 -29.0 30.0 1
334 0 -26.0 31.0 1
325 0 -25.0 32.0 1
287 0 -25.0 32.0 1
194 0 -21.0 27.0 1
197 0 -19.0 29.0 1
428 0 -17.0 31.0 1
328 0 -20.0 57.0 1
486 0 -18.0 47.0 1
78 0 -15.0 34.0 1
288 0 -15.0 28.0 1
351 0 -13.0 28.0 1
183 0 -11.0 27.0 1
72 0 -3.0 29.0 1
169 0 0.0 32.0 1
239 0 -3.0 36.0 1
532 0 -6.0 39.0 1
146 0 -6.0 39.0 1
387 0 -5.0 39.0 1
300 0 -4.0 39.0 1
342 0 -1.0 36.0 1
438 0 -4.0 55.0 1
311 0 2.0 45.0 1
204 0 7.0 41.0 1
10 0 8.0 38.0 1
52 0 9.0 34.0 1
250 0 15.0 32.0 1
35 0 23.0 32.0 1
292 0 25.0 32.0 1
31 0 29.0 35.0 1
24 0 31.0 35.0 1
482 0 32.0 34.0 1
145 0 33.0 36.0 1
57 0 33.0 35.0 1
348 0 35.0 36.0 1
22 0 36.0 37.0 1
261 0 34.0 33.0 1
102 0 30.0 31.0 1
158 0 19.0 30.0 1
307 0 24.0 39.0 1
432 0 33.0 44.0 1
64 0 33.0 44.0 1
187 0 33.0 45.0 1
42 0 40.0 50.0 1
478 0 35.0 51.0 1
3 0 30.0 48.0 1
253 0 29.0 47.0 1
468 0 29.0 52.0 1
153 0 26.0 50.0 1
41 0 26.0 50.0 1
159 0 25.0 51.0 1
79 0 27.0 56.0 1
471 0 41.0 69.0 1
242 0 34.0 69.0 1
421 0 33.0 73.0 1
177 0 40.0 82.0 1
251 0 27.0 85.0 1
535 0 24.0 91.0 1
142 0 23.0 90.0 1
252 0 3.0 101.0 1
443 0 1.0 103.0 1
237 0 -6.0 106.0 1
379 0 -31.0 115.0 1
12 0 -34.0 138.0 1
308 0 -37.0 144.0 1
306 0 -37.0 144.0 1
108 0 -35.0 149.0 1
467 0 -33.0 151.0 1
123 0 -28.0 145.0 1
135 0 -26.0 146.0 1
80 0 -27.0 153.0 1
19 0 -37.0 174.0 1
339 0 -17.0 177.0 1
247 0 -6.0 155.0 1
392 0 -9.0 147.0 1
163 0 -12.0 130.0 1
326 0 -8.0 125.0 1
161 0 -8.0 115.0 1
289 0 4.0 114.0 1
322 0 14.0 121.0 1
245 0 22.0 120.0 1
489 0 25.0 121.0 1
360 0 26.0 127.0 1
218 0 30.0 120.0 1
440 0 31.0 121.0 1
347 0 32.0 129.0 1
370 0 34.0 135.0 1
353 0 35.0 140.0 1
499 0 35.0 139.0 1
221 0 35.0 139.0 1
417 0 14.0 145.0 1
436 0 37.0 126.0 1
378 0 40.0 116.0 1
219 0 22.0 114.0 1
103 0 23.0 113.0 1
390 0 11.0 104.0 1
503 0 12.0 101.0 1
73 0 13.0 100.0 1
407 0 16.0 96.0 1
110 0 22.0 88.0 1
150 0 28.0 77.0 1
246 0 24.0 67.0 1
84 0 19.0 72.0 1
77 0 12.0 77.0 1
294 0 13.0 80.0 1
124 0 7.0 79.0 1
318 0 4.0 73.0 1
304 0 23.0 58.0 1
441 0 25.0 55.0 1
168 0 25.0 55.0 1
39 0 24.0 54.0 1
420 0 24.0 46.0 1
233 0 21.0 39.0 1
33 0 15.0 38.0 1
143 0 14.0 42.0 1
423 0 15.0 44.0 1
11 0 12.0 45.0 1
236 0 11.0 43.0 1
46 0 10.0 45.0 1
244 0 -1.0 30.0 1
188 0 -4.0 15.0 1
100 0 -4.0 15.0 1
60 0 4.0 18.0 1
346 0 12.0 15.0 1
260 0 0.0 9.0 1
157 0 4.0 9.0 1
380 0 4.0 7.0 1
281 0 6.0 3.0 1
130 0 6.0 2.0 1
285 0 6.0 1.0 1
267 0 6.0 1.0 1
241 0 12.0 8.0 1
435 0 27.0 14.0 1
200 0 24.0 10.0 1
480 0 32.0 13.0 1
53 0 32.0 20.0 1
217 0 35.0 25.0 1
409 0 36.0 28.0 1
40 0 36.0 30.0 1
27 0 39.0 32.0 1
176 0 40.0 33.0 1
359 0 46.0 30.0 1
228 0 50.0 30.0 1
463 0 55.0 37.0 1
323 0 55.0 37.0 1
263 0 59.0 30.0 1
331 0 53.0 27.0 1
128 0 44.0 28.0 1
506 0 43.0 27.0 1
373 0 44.0 26.0 1
98 0 44.0 26.0 1
231 0 40.0 28.0 1
232 0 38.0 27.0 1
36 0 37.0 23.0 1
449 0 40.0 22.0 1
454 0 42.0 23.0 1
450 0 41.0 21.0 1
115 0 39.0 19.0 1
479 0 41.0 19.0 1
51 0 44.0 20.0 1
95 0 47.0 19.0 1
445 0 43.0 18.0 1
147 0 42.0 18.0 1
470 0 40.0 17.0 1
50 0 40.0 17.0 1
136 0 39.0 17.0 1
461 0 38.0 16.0 1
405 0 38.0 15.0 1
133 0 37.0 15.0 1
317 0 35.0 14.0 1
278 0 35.0 12.0 1
155 0 33.0 10.0 1
315 0 35.0 10.0 1
391 0 36.0 11.0 1
490 0 37.0 12.0 1
389 0 38.0 13.0 1
340 0 40.0 14.0 1
88 0 41.0 16.0 1
191 0 41.0 15.0 1
455 0 43.0 16.0 1
530 0 45.0 16.0 1
529 0 44.0 15.0 1
397 0 42.0 14.0 1
30 0 43.0 13.0 1
501 0 40.0 13.0 1
416 0 41.0 12.0 1
185 0 41.0 12.0 1
118 0 41.0 12.0 1
497 0 36.0 10.0 1
101 0 39.0 9.0 1
362 0 40.0 9.0 1
189 0 43.0 11.0 1
413 0 44.0 12.0 1
193 0 44.0 12.0 1
412 0 45.0 14.0 1
301 0 46.0 15.0 1
209 0 47.0 15.0 1
509 0 48.0 16.0 1
94 0 48.0 16.0 1
249 0 50.0 19.0 1
514 0 52.0 20.0 1
198 0 54.0 18.0 1
206 0 57.0 18.0 1
216 0 60.0 24.0 1
85 0 67.0 14.0 1
459 0 59.0 17.0 1
32 0 59.0 17.0 1
352 0 58.0 16.0 1
395 0 50.0 14.0 1
162 0 51.0 13.0 1
498 0 52.0 13.0 1
477 0 52.0 13.0 1
466 0 52.0 13.0 1
54 0 52.0 13.0 1
266 0 51.0 12.0 1
265 0 51.0 12.0 1
279 0 48.0 14.0 1
277 0 46.0 14.0 1
469 0 47.0 13.0 1
493 0 45.0 13.0 1
507 0 45.0 12.0 1
494 0 45.0 12.0 1
401 0 45.0 12.0 1
76 0 44.0 11.0 1
396 0 43.0 10.0 1
68 0 42.0 9.0 1
122 0 42.0 8.0 1
18 0 41.0 8.0 1
16 0 40.0 8.0 1
1 0 36.0 7.0 1
487 0 33.0 8.0 1
220 0 31.0 6.0 1
483 0 22.0 5.0 1
349 0 13.0 2.0 1
374 0 12.0 -1.0 1
74 0 12.0 -8.0 1
350 0 18.0 -15.0 1
296 0 31.0 -4.0 1
368 0 35.0 0.0 1
21 0 36.0 3.0 1
388 0 39.0 2.0 1
226 0 38.0 1.0 1
510 0 39.0 0.0 1
20 0 38.0 0.0 1
207 0 41.0 2.0 1
47 0 41.0 2.0 1
343 0 43.0 7.0 1
305 0 44.0 8.0 1
205 0 44.0 8.0 1
512 0 45.0 10.0 1
314 0 45.0 9.0 1
275 0 45.0 9.0 1
65 0 45.0 9.0 1
337 0 45.0 8.0 1
335 0 48.0 11.0 1
355 0 49.0 11.0 1
460 0 48.0 9.0 1
533 0 47.0 8.0 1
319 0 47.0 7.0 1
93 0 47.0 7.0 1
89 0 46.0 7.0 1
492 0 45.0 7.0 1
113 0 43.0 6.0 1
327 0 43.0 5.0 1
345 0 45.0 6.0 1
212 0 46.0 6.0 1
465 0 48.0 7.0 1
127 0 48.0 7.0 1
175 0 48.0 6.0 1
338 0 49.0 6.0 1
290 0 49.0 6.0 1
192 0 50.0 8.0 1
214 0 52.0 9.0 1
215 0 53.0 10.0 1
320 0 55.0 13.0 1
131 0 55.0 12.0 1
14 0 56.0 12.0 1
371 0 60.0 11.0 1
199 0 60.0 11.0 1
184 0 59.0 10.0 1
2 0 57.0 9.0 1
62 0 60.0 5.0 1
462 0 58.0 5.0 1
358 0 55.0 10.0 1
75 0 55.0 9.0 1
87 0 53.0 8.0 1
116 0 50.0 7.0 1
167 0 51.0 6.0 1
332 0 50.0 5.0 1
270 0 50.0 5.0 1
172 0 51.0 5.0 1
25 0 52.0 4.0 1
419 0 51.0 4.0 1
28 0 51.0 4.0 1
91 0 50.0 4.0 1
273 0 50.0 3.0 1
408 0 49.0 4.0 1
154 0 47.0 5.0 1
203 0 45.0 5.0 1
293 0 45.0 4.0 1
170 0 45.0 4.0 1
505 0 44.0 4.0 1
324 0 43.0 3.0 1
481 0 43.0 1.0 1
385 0 46.0 0.0 1
495 0 47.0 0.0 1
377 0 48.0 2.0 1
369 0 48.0 2.0 1
259 0 48.0 2.0 1
112 0 49.0 2.0 1
99 0 49.0 2.0 1
160 0 49.0 0.0 1
372 0 51.0 2.0 1
356 0 52.0 1.0 1
329 0 51.0 1.0 1
534 0 51.0 0.0 1
458 0 51.0 0.0 1
437 0 51.0 0.0 1
286 0 51.0 0.0 1
280 0 51.0 0.0 1
272 0 51.0 0.0 1
271 0 51.0 0.0 1
210 0 51.0 0.0 1
107 0 52.0 0.0 1
258 0 53.0 -1.0 1
196 0 53.0 -1.0 1
321 0 54.0 -1.0 1
344 0 55.0 -1.0 1
6 0 57.0 -2.0 1
171 0 55.0 -3.0 1
384 0 55.0 -4.0 1
202 0 55.0 -4.0 1
297 0 53.0 -2.0 1
284 0 53.0 -2.0 1
174 0 52.0 -1.0 1
111 0 52.0 -1.0 1
67 0 52.0 -1.0 1
83 0 50.0 -1.0 1
414 0 48.0 -1.0 1
234 0 49.0 -2.0 1
491 0 51.0 -2.0 1
90 0 51.0 -2.0 1
140 0 51.0 -3.0 1
179 0 50.0 -3.0 1
166 0 53.0 -6.0 1
58 0 54.0 -6.0 1
453 0 52.0 -8.0 1
366 0 51.0 -8.0 1
55 0 48.0 -4.0 1
354 0 47.0 -1.0 1
129 0 45.0 0.0 1
114 0 45.0 0.0 1
81 0 44.0 0.0 1
474 0 43.0 0.0 1
400 0 43.0 0.0 1
262 0 43.0 0.0 1
70 0 43.0 -1.0 1
531 0 41.0 -1.0 1
511 0 41.0 -4.0 1
295 0 40.0 -3.0 1
264 0 36.0 -2.0 1
208 0 37.0 -3.0 1
17 0 35.0 -3.0 1
15 0 36.0 -4.0 1
464 0 37.0 -5.0 1
375 0 43.0 -5.0 1
431 0 42.0 -8.0 1
364 0 41.0 -8.0 1
276 0 38.0 -9.0 1
182 0 37.0 -7.0 1
515 0 36.0 -6.0 1
485 0 35.0 -5.0 1
403 0 34.0 -6.0 1
126 0 33.0 -7.0 1
104 0 33.0 -7.0 1
402 0 31.0 -8.0 1
13 0 30.0 -9.0 1
195 0 28.0 -13.0 1
9 0 28.0 -13.0 1
282 0 27.0 -15.0 1
475 0 28.0 -16.0 1
472 0 28.0 -16.0 1
452 0 36.0 -25.0 1
429 0 48.0 -24.0 1
406 0 64.0 -21.0 1
243 0 63.0 -22.0 1
522 0 48.0 -54.0 1
63 0 44.0 -68.0 1
86 0 42.0 -71.0 1
49 0 41.0 -72.0 1
178 0 40.0 -74.0 1
382 0 39.0 -75.0 1
43 0 39.0 -76.0 1
513 0 38.0 -77.0 1
224 0 38.0 -77.0 1
149 0 38.0 -77.0 1
381 0 37.0 -76.0 1
357 0 40.0 -73.0 1
268 0 40.0 -73.0 1
235 0 40.0 -73.0 1
37 0 33.0 -84.0 1
333 0 29.0 -90.0 1
223 0 29.0 -95.0 1
427 0 29.0 -98.0 1
152 0 32.0 -96.0 1
144 0 32.0 -96.0 1
173 0 31.0 -106.0 1
383 0 33.0 -112.0 1
5 0 34.0 -106.0 1
425 0 32.0 -117.0 1
269 0 33.0 -118.0 1
257 0 33.0 -118.0 1
222 0 21.0 -157.0 1
26 0 61.0 -149.0 1
181 0 64.0 -147.0 1
439 0 37.0 -122.0 1
444 0 37.0 -121.0 1
256 0 36.0 -115.0 1
451 0 40.0 -111.0 1
434 0 47.0 -122.0 1
524 0 49.0 -123.0 1
526 0 51.0 -114.0 1
516 0 53.0 -113.0 1
69 0 45.0 -108.0 1
151 0 39.0 -104.0 1
59 0 35.0 -101.0 1
23 0 35.0 -101.0 1
361 0 35.0 -97.0 1
496 0 36.0 -95.0 1
316 0 39.0 -94.0 1
302 0 39.0 -94.0 1
363 0 41.0 -95.0 1
227 0 47.0 -97.0 1
525 0 49.0 -97.0 1
330 0 44.0 -93.0 1
66 0 33.0 -86.0 1
500 0 35.0 -83.0 1
230 0 39.0 -86.0 1
457 0 38.0 -90.0 1
365 0 41.0 -87.0 1
117 0 41.0 -87.0 1
139 0 39.0 -84.0 1
138 0 39.0 -84.0 1
125 0 40.0 -83.0 1
165 0 42.0 -83.0 1
164 0 42.0 -83.0 1
521 0 42.0 -82.0 1
386 0 40.0 -80.0 1
120 0 41.0 -81.0 1
97 0 42.0 -78.0 1
528 0 43.0 -79.0 1
225 0 43.0 -78.0 1
519 0 45.0 -75.0 1
518 0 45.0 -74.0 1
523 0 45.0 -73.0 1
240 0 45.0 -73.0 1
520 0 46.0 -71.0 1
517 0 44.0 -63.0 1
527 0 47.0 -52.0 1
473 0 38.0 -28.0 1
442 0 16.0 -22.0 1
61 0 13.0 -59.0 1
504 0 13.0 -60.0 1
29 0 17.0 -61.0 1
398 0 16.0 -61.0 1
186 0 14.0 -61.0 1
48 0 32.0 -64.0 1
448 0 18.0 -66.0 1
433 0 18.0 -69.0 1
376 0 18.0 -72.0 1
341 0 25.0 -77.0 1
141 0 29.0 -81.0 1
367 0 28.0 -81.0 1
303 0 28.0 -81.0 1
312 0 25.0 -80.0 1
248 0 17.0 -76.0 1
38 0 12.0 -70.0 1
299 0 10.0 -71.0 1
44 0 10.0 -74.0 1
134 0 10.0 -75.0 1
399 0 9.0 -79.0 1
394 0 9.0 -79.0 1
476 0 14.0 -87.0 1
313 0 20.0 -89.0 1
309 0 19.0 -99.0 1
7 0 16.0 -99.0 1
211 0 14.0 -90.0 1
424 0 13.0 -89.0 1
310 0 12.0 -86.0 1
447 0 9.0 -84.0 1
446 0 9.0 -84.0 1
213 0 -2.0 -79.0 1
502 0 0.0 -78.0 1
121 0 3.0 -76.0 1
82 0 4.0 -74.0 1
137 0 12.0 -68.0 1
255 0 10.0 -66.0 1
109 0 10.0 -66.0 1
393 0 10.0 -61.0 1
422 0 6.0 -58.0 1
106 0 4.0 -52.0 1
298 0 -3.0 -60.0 1
456 0 -12.0 -38.0 1
411 0 -22.0 -43.0 1
201 0 -22.0 -43.0 1
508 0 -23.0 -47.0 1
426 0 -23.0 -47.0 1
410 0 -29.0 -53.0 1
336 0 -34.0 -56.0 1
180 0 -34.0 -58.0 1
96 0 -34.0 -58.0 1
418 0 -32.0 -60.0 1
488 0 -24.0 -53.0 1
229 0 -25.0 -54.0 1
34 0 -25.0 -57.0 1
430 0 -33.0 -70.0 1
274 0 -12.0 -77.0 1
283 0 -16.0 -68.0 1
45 0 -16.0 -52.0 1
92 0 -15.0 -47.0 1
404 0 -8.0 -34.0 1
156 0 14.0 -17.0 1
71 0 13.0 -16.0 1
119 0 9.0 -13.0 1
190 0 8.0 -13.0 1
415 0 6.0 -10.0 1
4 0 5.0 -3.0 1
8 0 5.0 0.0 1
